0.5238095238095238
0.5454545454545454
0.5652173913043479
0.5739130434782609
0.5958333333333333
0.6
0.6153846153846154
0.624
0.6346153846153847
0.6428571428571429
0.6518518518518519
0.6666666666666665
0.6666666666666666
0.6827586206896552
0.6857142857142857
0.6875
0.6964285714285715
0.7058823529411765
0.7096774193548387
0.7172413793103448
0.7200000000000001
0.7297297297297297
0.7333333333333334
0.7499999999999999
0.75
0.7542857142857143
0.7548387096774194
0.7674418604651163
0.7741935483870969
0.776470588235294
0.7815789473684212
0.782608695652174
0.787878787878788
0.7959183673469387
0.8
0.804878048780488
0.8113207547169812
0.8171428571428573
0.8181818181818182
0.8245614035087719
0.825
0.8307692307692307
0.8360655737704918
0.8425531914893618
0.8432432432432432
0.8470588235294118
0.8484848484848485
0.857142857142857
0.8571428571428571
0.858
0.8611111111111112
0.8717948717948718
0.875925925925926
0.8775000000000001
0.8799999999999999
0.8823529411764706
0.888888888888889
0.8913043478260869
0.8913793103448276
0.8918918918918919
0.9000000000000001
0.900990099009901
0.9048387096774195
0.9069767441860467
0.9176470588235294
0.919402985074627
0.923076923076923
0.9263157894736843
0.932608695652174
0.9342465753424658
0.938181818181818
0.9468354430379747
0.9473684210526316
0.9551020408163265
0.9559322033898304
0.9593023255813954
0.96
0.9642857142857144
0.9698924731182796
0.9714285714285713
0.975
0.9813725490196079
0.9882352941176471
0.9900000000000001
0.9982142857142857
1.0
1.0
1.0046511627906975
1.0054054054054054
1.0183333333333333
1.02
1.0285714285714287
1.03125
1.0344827586206897
1.0359375000000002
1.0434782608695654
1.0468085106382978
1.0476190476190477
1.055072463768116
1.058823529411765
1.0601941747572816
1.0746666666666667
1.0775510204081633
1.08
1.0833333333333333
1.0909090909090908
1.0913580246913581
1.1
1.1076923076923078
1.1079545454545454
1.1120689655172413
1.1221052631578947
1.1250000000000002
1.1345454545454545
1.1370967741935485
1.1375
1.1478260869565218
1.148936170212766
1.1590909090909092
1.1647058823529413
1.166101694915254
1.1830985915492955
1.1936507936507936
1.2
1.2
1.2
1.2077922077922079
1.2122448979591838
1.2179104477611942
1.2289156626506021
1.2315789473684209
1.2444444444444445
1.2452830188679245
1.25
1.268041237113402
1.2688524590163937
1.2692307692307694
1.2705882352941178
1.271794871794872
1.2857142857142858
1.2877358490566038
1.2952380952380953
1.3
1.3015384615384618
1.3186813186813187
1.32
1.3220338983050846
1.3304347826086957
1.333333333333333
1.3387755102040817
1.360747663551402
1.3621621621621622
1.3650793650793651
1.3655172413793104
1.3894736842105264
1.395
1.4029850746268657
1.4065573770491804
1.4210526315789476
1.4232558139534885
1.436619718309859
1.4400000000000002
1.4516129032258063
1.4553846153846155
1.4736842105263157
1.476
1.485
1.4857142857142858
1.4985507246376812
1.5
1.5027522935779816
1.5121951219512197
1.536986301369863
1.5402985074626865
1.5428571428571427
1.5454545454545452
1.5714285714285712
1.5789473684210527
1.5794871794871796
1.588732394366197
1.5954545454545457
1.6
1.607843137254902
1.623809523809524
1.632
1.6363636363636365
1.6396396396396395
1.6585714285714286
1.6622222222222223
1.68
1.6956521739130432
1.7010309278350517
1.714864864864865
1.7217391304347824
1.7302325581395348
1.7346153846153847
1.7653846153846153
1.7671232876712328
1.7716814159292034
1.773913043478261
1.7875
1.8
1.8181818181818181
1.8216867469879516
1.8311688311688312
1.8566037735849055
1.8671052631578948
1.8719999999999999
1.8808988764044945
1.8888888888888888
1.8991304347826088
1.9326315789473683
1.93875
1.953488372093023
1.959493670886076
1.9852941176470589
2.0
2.0035714285714286
2.0217391304347827
2.031192660550459
2.0385542168674697
2.0451219512195125
2.0764044943820226
2.081632653061224
2.0822033898305086
2.110344827586207
2.1313953488372097
2.142857142857143
2.153684210526316
2.191304347826087
2.196428571428571
2.2
2.2099999999999995
2.2217821782178215
2.2455555555555557
2.256198347107438
2.277551020408163
2.2916666666666665
2.2989473684210524
2.3329787234042554
2.353043478260869
2.353846153846154
2.394059405940594
2.4
2.421774193548387
2.4323232323232324
2.4324324324324325
2.4459183673469385
2.4785046728971962
2.5016949152542374
2.539047619047619
2.5553398058252426
2.5657894736842106
2.579527559055118
2.634234234234234
2.64297520661157
2.6691588785046725
2.673394495412844
2.7
2.7299999999999995
2.733050847457627
2.779130434782609
2.7982300884955746
2.8207999999999998
2.889344262295082
2.9142857142857146
2.9201492537313434
2.942372881355932
2.9875968992248065
3.0
3.0357142857142856
3.070967741935484
3.0992753623188407
3.144360902255639
3.2061068702290076
3.2430769230769227
3.2683098591549293
3.3
3.327536231884058
3.394160583941606
3.4666666666666663
3.5305555555555554
3.5664335664335662
3.6
3.687581699346405
3.717333333333333
3.891823899371069
3.9
3.917197452229299
4.11144578313253
4.3
4.3132947976878615
4.7
5.1
5.6
6.2
6.8
7.5
8.2
9.1